    0.00000000   3.00805640   2.12701702  -0.00018460   0.63118577   0.33632681
    5.65685415   3.00805640   2.12701702   0.00160214   0.60575787   0.44496853
   11.31370831   3.00805640   2.12701702   0.00160233   0.60575787   0.44496853
   16.97056198   3.00805640   2.12701702   0.00160082   0.60575787   0.44496853
   22.62741661   3.00805640   2.12701702   0.00160236   0.60575787   0.44496853
   28.28427124   3.00805640   1.87298286   0.00160417   0.60575787  -0.33819630
   33.94112396   3.00805640   1.87298286   0.00160055   0.60575787  -0.44748805
   39.59798050   3.00805640   1.87298286   0.00160632   0.60575787  -0.44748805
   45.25483322   3.00805640   1.87298286   0.00160236   0.60575787  -0.44748805
   50.91168594   3.00805640   1.87298286   0.00146240   0.60575787  -0.44743569
    0.00000000   8.66491032   2.12701702   0.02577819   0.63283016   0.29961110
    5.65685415   8.66491032   2.12701702   0.02714131   0.60867151   0.40885081
   11.31370831   8.66491032   2.12701702   0.02714135   0.60867151   0.40885081
   16.97056198   8.66491032   2.12701702   0.02714015   0.60867151   0.40885081
   22.62741661   8.66491032   2.12701702   0.02714196   0.60867151   0.40885081
   28.28427124   8.66491032   1.87298286   0.02714255   0.60867151  -0.37431402
   33.94112396   8.66491032   1.87298286   0.02713952   0.60867151  -0.48360577
   39.59798050   8.66491032   1.87298286   0.02714524   0.60867151  -0.48360577
   45.25483322   8.66491032   1.87298286   0.02714139   0.60867151  -0.48360577
   50.91168594   8.66491032   1.87298286   0.02703863   0.60856031  -0.48360580
    0.00000000   3.00805640   6.12701702   0.00034913   0.60564655   0.33456326
    5.65685415   3.00805640   6.12701702   0.00213578   0.63129688   0.44320510
   11.31370831   3.00805640   6.12701702   0.00213616   0.63129688   0.44320510
   16.97056198   3.00805640   6.12701702   0.00213466   0.63129688   0.44320510
   22.62741661   3.00805640   6.12701702   0.00213556   0.63129688   0.44320510
   28.28427124   3.00805640   5.87298298   0.00213800   0.63129688  -0.33995956
   33.94112396   3.00805640   5.87298298   0.00213382   0.63129688  -0.44925133
   39.59798050   3.00805640   5.87298298   0.00214080   0.63129688  -0.44925133
   45.25483322   3.00805640   5.87298298   0.00213548   0.63129688  -0.44925133
   50.91168594   3.00805640   5.87298298   0.00199689   0.63129688  -0.44919897
    0.00000000   8.66491032   6.12701702  -0.02476621   0.60729096   0.37008296
    5.65685415   8.66491032   6.12701702  -0.02340339   0.63421052   0.47932270
   11.31370831   8.66491032   6.12701702  -0.02340288   0.63421052   0.47932270
   16.97056198   8.66491032   6.12701702  -0.02340435   0.63421052   0.47932270
   22.62741661   8.66491032   6.12701702  -0.02340404   0.63421052   0.47932270
   28.28427124   8.66491032   5.87298298  -0.02340168   0.63421052  -0.30384196
   33.94112396   8.66491032   5.87298298  -0.02340641   0.63421052  -0.41313372
   39.59798050   8.66491032   5.87298298  -0.02339834   0.63421052  -0.41313372
   45.25483322   8.66491032   5.87298298  -0.02340355   0.63421052  -0.41313372
   50.91168594   8.66491032   5.87298298  -0.02350494   0.63409933  -0.41313375
    0.00000000   3.00805640  10.12701702   0.00034913   0.65672479   0.33456315
    5.65685415   3.00805640  10.12701702   0.00213578   0.63129688   0.44320507
   11.31370831   3.00805640  10.12701702   0.00213616   0.63129688   0.44320507
   16.97056198   3.00805640  10.12701702   0.00213466   0.63129688   0.44320507
   22.62741661   3.00805640  10.12701702   0.00213556   0.63129688   0.44320507
   28.28427124   3.00805640   9.87298298   0.00213800   0.63129688  -0.33995978
   33.94112396   3.00805640   9.87298298   0.00213382   0.63129688  -0.44925160
   39.59798050   3.00805640   9.87298298   0.00214080   0.63129688  -0.44925160
   45.25483322   3.00805640   9.87298298   0.00213548   0.63129688  -0.44925160
   50.91168594   3.00805640   9.87298298   0.00199689   0.63129688  -0.44919925
    0.00000000   8.66491032  10.12701702   0.02631193   0.65836917   0.29784732
    5.65685415   8.66491032  10.12701702   0.02767496   0.63421052   0.40708715
   11.31370831   8.66491032  10.12701702   0.02767518   0.63421052   0.40708715
   16.97056198   8.66491032  10.12701702   0.02767399   0.63421052   0.40708715
   22.62741661   8.66491032  10.12701702   0.02767516   0.63421052   0.40708715
   28.28427124   8.66491032   9.87298298   0.02767638   0.63421052  -0.37607770
   33.94112396   8.66491032   9.87298298   0.02767279   0.63421052  -0.48536952
   39.59798050   8.66491032   9.87298298   0.02767972   0.63421052  -0.48536952
   45.25483322   8.66491032   9.87298298   0.02767451   0.63421052  -0.48536952
   50.91168594   8.66491032   9.87298298   0.02757312   0.63409933  -0.48536956
    0.00000000   3.00805640  14.12701702  -0.00018460   0.58010754   0.33632660
    5.65685415   3.00805640  14.12701702   0.00160214   0.60575787   0.44496850
   11.31370831   3.00805640  14.12701702   0.00160233   0.60575787   0.44496850
   16.97056198   3.00805640  14.12701702   0.00160082   0.60575787   0.44496850
   22.62741661   3.00805640  14.12701702   0.00160236   0.60575787   0.44496850
   28.28427124   3.00805640  13.87298298   0.00160417   0.60575787  -0.33819630
   33.94112396   3.00805640  13.87298298   0.00160055   0.60575787  -0.44748811
   39.59798050   3.00805640  13.87298298   0.00160632   0.60575787  -0.44748811
   45.25483322   3.00805640  13.87298298   0.00160236   0.60575787  -0.44748811
   50.91168594   3.00805640  13.87298298   0.00146240   0.60575787  -0.44743575
    0.00000000   8.66491032  14.12701702  -0.02529994   0.58175195   0.37184631
    5.65685415   8.66491032  14.12701702  -0.02393703   0.60867151   0.48108642
   11.31370831   8.66491032  14.12701702  -0.02393671   0.60867151   0.48108642
   16.97056198   8.66491032  14.12701702  -0.02393820   0.60867151   0.48108642
   22.62741661   8.66491032  14.12701702  -0.02393725   0.60867151   0.48108642
   28.28427124   8.66491032  13.87298298  -0.02393551   0.60867151  -0.30207838
   33.94112396   8.66491032  13.87298298  -0.02393968   0.60867151  -0.41137019
   39.59798050   8.66491032  13.87298298  -0.02393282   0.60867151  -0.41137019
   45.25483322   8.66491032  13.87298298  -0.02393668   0.60867151  -0.41137019
   50.91168594   8.66491032  13.87298298  -0.02403943   0.60856031  -0.41137023
    2.82842708   0.17962930   2.12701702   0.02704244   0.65963884   0.40885077
    8.48528099   0.17962930   2.12701702   0.02714101   0.65975003   0.40885081
   14.14213562   0.17962930   2.12701702   0.02714160   0.65975003   0.40885081
   19.79899025   0.17962930   2.12701702   0.02714320   0.65975003   0.40885081
   25.45584297   0.17962930   2.12701702   0.02714011   0.65975003   0.29955906
   31.11269760   0.17962930   1.87298286   0.02714061   0.65975003  -0.48360577
   36.76955032   0.17962930   1.87298286   0.02713746   0.65975003  -0.48360577
   42.42640686   0.17962930   1.87298286   0.02714321   0.65975003  -0.48360577
   48.08325958   0.17962930   1.87298286   0.02713956   0.65975003  -0.48360577
   53.74011612   0.17962930   1.87298286   0.02578127   0.68390861  -0.37426198
    2.82842708   5.83648348   2.12701702   0.00146617   0.65683619   0.44502089
    8.48528099   5.83648348   2.12701702   0.00160184   0.65683619   0.44496853
   14.14213562   5.83648348   2.12701702   0.00160255   0.65683619   0.44496853
   19.79899025   5.83648348   2.12701702   0.00160359   0.65683619   0.44496853
   25.45584297   5.83648348   2.12701702   0.00160113   0.65683619   0.33567678
   31.11269760   5.83648348   1.87298286   0.00160169   0.65683619  -0.44748805
   36.76955032   5.83648348   1.87298286   0.00159849   0.65683619  -0.44748805
   42.42640686   5.83648348   1.87298286   0.00160532   0.65683619  -0.44748805
   48.08325958   5.83648348   1.87298286   0.00159939   0.65683619  -0.44748805
   53.74011612   5.83648348   1.87298286  -0.00018117   0.68226417  -0.33754627
    2.82842708   0.17962930   6.12701702  -0.02350225   0.63409973   0.47932268
    8.48528099   0.17962930   6.12701702  -0.02340368   0.63421093   0.47932270
   14.14213562   0.17962930   6.12701702  -0.02340290   0.63421093   0.47932270
   19.79899025   0.17962930   6.12701702  -0.02340163   0.63421093   0.47932270
   25.45584297   0.17962930   6.12701702  -0.02340472   0.63421093   0.37003094
   31.11269760   0.17962930   5.87298298  -0.02340478   0.63421093  -0.41313372
   36.76955032   0.17962930   5.87298298  -0.02340611   0.63421093  -0.41313372
   42.42640686   0.17962930   5.87298298  -0.02340165   0.63421093  -0.41313372
   48.08325958   0.17962930   5.87298298  -0.02340529   0.63421093  -0.41313372
   53.74011612   0.17962930   5.87298298  -0.02476227   0.60729141  -0.30378994
    2.82842708   5.83648348   6.12701702   0.00199976   0.63129700   0.44325746
    8.48528099   5.83648348   6.12701702   0.00213535   0.63129700   0.44320510
   14.14213562   5.83648348   6.12701702   0.00213640   0.63129700   0.44320510
   19.79899025   5.83648348   6.12701702   0.00213739   0.63129700   0.44320510
   25.45584297   5.83648348   6.12701702   0.00213493   0.63129700   0.33391334
   31.11269760   5.83648348   5.87298298   0.00213550   0.63129700  -0.44925133
   36.76955032   5.83648348   5.87298298   0.00213298   0.63129700  -0.44925133
   42.42640686   5.83648348   5.87298298   0.00213852   0.63129700  -0.44925133
   48.08325958   5.83648348   5.87298298   0.00213260   0.63129700  -0.44925133
   53.74011612   5.83648348   5.87298298   0.00035336   0.60564662  -0.33930964
    2.82842708   0.17962930  10.12701702   0.02757603   0.63409973   0.40708712
    8.48528099   0.17962930  10.12701702   0.02767452   0.63421093   0.40708715
   14.14213562   0.17962930  10.12701702   0.02767544   0.63421093   0.40708715
   19.79899025   0.17962930  10.12701702   0.02767700   0.63421093   0.40708715
   25.45584297   0.17962930  10.12701702   0.02767391   0.63421093   0.29779532
   31.11269760   0.17962930   9.87298298   0.02767443   0.63421093  -0.48536952
   36.76955032   0.17962930   9.87298298   0.02767195   0.63421093  -0.48536952
   42.42640686   0.17962930   9.87298298   0.02767641   0.63421093  -0.48536952
   48.08325958   0.17962930   9.87298298   0.02767277   0.63421093  -0.48536952
   53.74011612   0.17962930   9.87298298   0.02631580   0.65836950  -0.37602570
    2.82842708   5.83648348  10.12701702   0.00199976   0.63129700   0.44325742
    8.48528099   5.83648348  10.12701702   0.00213535   0.63129700   0.44320507
   14.14213562   5.83648348  10.12701702   0.00213640   0.63129700   0.44320507
   19.79899025   5.83648348  10.12701702   0.00213739   0.63129700   0.44320507
   25.45584297   5.83648348  10.12701702   0.00213493   0.63129700   0.33391324
   31.11269760   5.83648348   9.87298298   0.00213550   0.63129700  -0.44925160
   36.76955032   5.83648348   9.87298298   0.00213298   0.63129700  -0.44925160
   42.42640686   5.83648348   9.87298298   0.00213852   0.63129700  -0.44925160
   48.08325958   5.83648348   9.87298298   0.00213260   0.63129700  -0.44925160
   53.74011612   5.83648348   9.87298298   0.00035336   0.65672497  -0.33930986
    2.82842708   0.17962930  14.12701702  -0.02403584   0.65963884   0.48108638
    8.48528099   0.17962930  14.12701702  -0.02393719   0.65975003   0.48108642
   14.14213562   0.17962930  14.12701702  -0.02393675   0.65975003   0.48108642
   19.79899025   0.17962930  14.12701702  -0.02393543   0.65975003   0.48108642
   25.45584297   0.17962930  14.12701702  -0.02393852   0.65975003   0.37179461
   31.11269760   0.17962930  13.87298298  -0.02393859   0.65975003  -0.41137019
   36.76955032   0.17962930  13.87298298  -0.02394060   0.65975003  -0.41137019
   42.42640686   0.17962930  13.87298298  -0.02393485   0.65975003  -0.41137019
   48.08325958   0.17962930  13.87298298  -0.02393850   0.65975003  -0.41137019
   53.74011612   0.17962930  13.87298298  -0.02529680   0.63283051  -0.30202668
    2.82842708   5.83648348  14.12701702   0.00146617   0.65683619   0.44502086
    8.48528099   5.83648348  14.12701702   0.00160184   0.65683619   0.44496850
   14.14213562   5.83648348  14.12701702   0.00160255   0.65683619   0.44496850
   19.79899025   5.83648348  14.12701702   0.00160359   0.65683619   0.44496850
   25.45584297   5.83648348  14.12701702   0.00160113   0.65683619   0.33567669
   31.11269760   5.83648348  13.87298298   0.00160169   0.65683619  -0.44748811
   36.76955032   5.83648348  13.87298298   0.00159849   0.65683619  -0.44748811
   42.42640686   5.83648348  13.87298298   0.00160532   0.65683619  -0.44748811
   48.08325958   5.83648348  13.87298298   0.00159939   0.65683619  -0.44748811
   53.74011612   5.83648348  13.87298298  -0.00018117   0.63118582  -0.33754639
